# colors
ndi_col_2 <- c('#604a7b', '#95372a', '#948A54', '#4A452A')
ndi_col_3 <- c('#604a7b','#fac090', '#95372a','#948A54', '#4A452A')
ndi_col_4 <- c('#604a7b','#b3a2c7', '#d99694','#95372a','#948A54', '#4A452A')
ndi_col_5 <- c('#604a7b','#b3a2c7','#fac090', '#d99694','#95372a','#948A54', '#4A452A')
two_hist <- c('#604A7B','#c2bcd3')
